# Aspose.3D Wavefront OBJ Exporter
# Copyright 2004-2020 Aspose Pty Ltd.
# File created: 03/26/2021 12:21:05


#
# object obj_12987395
#

v -0.23349159955978392 0.64999997615814208 -0.43444588780403136
v -0.9888915419578552 0.29775121808052064 -0.39999997615814208
v -0.23349159955978392 0.64999997615814208 -0.93349158763885504
v -0.9888915419578552 0.29775121808052064 -1
v -0.29999998211860656 0.6189866065979004 -1
v -0.2506815493106842 0.6419841647148132 -0.39999997615814208
v 0.2506815493106842 0.6419841647148132 -0.39999997615814208
v 0.23349159955978392 0.64999997615814208 -0.43444588780403136
v 0.9888914823532104 0.297751247882843 -0.39999997615814208
v 0.23349159955978392 0.64999997615814208 -0.93349158763885504
v 0.9888914823532104 0.297751247882843 -1
v 0.29999998211860656 0.6189866065979004 -1
v -0.29999998211860656 0.45382103323936464 0.40858301520347592
v -0.29999998211860656 0.6419841647148132 -0.39999997615814208
v 0.29999998211860656 0.6419841647148132 -0.39999997615814208
v 0.29999998211860656 0.45382103323936464 0.40858301520347592
v -0.29999998211860656 0.297751247882843 -1.68889153003692624
v 0.29999998211860656 0.297751247882843 -1.68889153003692624
v 0.29999998211860656 0.94999998807907104 -0.39999997615814208
v 0.29999998211860656 0.74601382017135616 0.47657841444015504
v -0.29999998211860656 0.94999998807907104 -1
v -0.29999998211860656 0.56964355707168576 -1.81567692756652832
v -0.29999998211860656 0.94999998807907104 -0.39999997615814208
v -0.29999998211860656 0.74601382017135616 0.47657841444015504
v -1.11567699909210206 0.56964355707168576 -0.39999997615814208
v 0.29999998211860656 0.94999998807907104 -1
v -1.11567699909210206 0.56964355707168576 -1
v 1.11567699909210206 0.56964355707168576 -1
v 1.11567699909210206 0.56964355707168576 -0.39999997615814208
v 0.29999998211860656 0.56964355707168576 -1.81567692756652832
# 30 vertices

vn 0.42261826992034912 -0.90630781650543216 -4.7009776015964483E-17
vn 0.42261826992034912 -0.90630781650543216 0
vn 0.42261826992034912 -0.90630781650543216 -4.1177487644253146E-16
vn 0.42261826992034912 -0.90630781650543216 -6.801130347783421E-15
vn -0.42261826992034912 -0.90630781650543216 -8.439585564689461E-15
vn -0.42261826992034912 -0.90630781650543216 1.334561818287826E-16
vn -0.42261826992034912 -0.90630781650543216 0
vn -0.42261826992034912 -0.90630781650543216 1.0980664077661628E-15
vn 0 -0.973975956439972 -0.22665131092071532
vn 1.9374375184960744E-15 -0.973975956439972 -0.22665131092071532
vn 0 -0.90630781650543216 0.42261826992034912
vn -2.0588746469104533E-16 -0.90630781650543216 0.42261826992034912
vn 9.608081067953925E-16 -0.90630781650543216 0.42261826992034912
vn 0 -1 0
vn 1 0 0
vn -1 8.385031560688601E-15 -3.9100044579301E-15
vn -1 -1.7417688842738316E-15 -3.2974001608061625E-15
vn -1 0 0
vn -8.403878414341923E-17 1.802217575843092E-16 1
vn -6.535259543483403E-17 -3.047441571869476E-17 1
vn 1.1255660735526025E-15 -2.4137840723181857E-15 1
vn 0 1 0
vn 0 0 -1
vn -4.804741453740815E-17 7.942588241734172E-16 -1
vn -0.90630781650543216 -0.42261826992034912 0
vn -0.42261826992034912 0.90630781650543216 0
vn 2.0289552594566143E-17 3.35401250780841E-16 -1
vn 4.804739468507345E-17 7.942588241734172E-16 -1
vn 0 0 1
vn 0.90630781650543216 -0.42261826992034912 0
vn 0.42261826992034912 0.90630781650543216 0
vn 1 7.546528235213151E-15 -3.519003885082148E-15
vn 1 -1.1903189895131152E-15 -2.9904826428080135E-15
vn 0 -0.42261826992034912 -0.90630781650543216
vn 0 0.90630781650543216 -0.42261826992034912
vn 0 -0.22665131092071532 0.973975956439972
vn 0 0.973975956439972 0.22665131092071532
# 37 vertex normals

g obj_12987395
s 1
f 1//1 2//1 3//1
f 3//2 2//2 4//2
f 3//3 4//3 5//3
f 1//4 6//4 2//4
f 7//5 8//5 9//5
f 9//6 8//6 10//6
f 9//7 10//7 11//7
f 11//8 10//8 12//8
f 8//9 7//9 1//9
f 1//9 7//9 6//9
f 6//9 7//9 13//9
f 6//10 13//10 14//10
f 15//9 16//9 7//9
f 7//9 16//9 13//9
f 3//11 17//11 10//11
f 10//11 17//11 18//11
f 10//12 18//12 12//12
f 3//13 5//13 17//13
f 1//14 3//14 8//14
f 8//14 3//14 10//14
f 19//15 20//15 15//15
f 15//15 20//15 16//15
f 21//16 22//16 5//16
f 5//17 22//17 17//17
f 23//18 14//18 24//18
f 24//18 14//18 13//18
f 23//19 25//19 14//19
f 14//20 25//20 2//20
f 14//21 2//21 6//21
f 21//22 23//22 26//22
f 26//22 23//22 19//22
f 21//23 5//23 27//23
f 27//24 5//24 4//24
f 25//25 27//25 2//25
f 2//25 27//25 4//25
f 23//26 21//26 25//26
f 25//26 21//26 27//26
f 26//27 28//27 12//27
f 12//28 28//28 11//28
f 19//29 15//29 29//29
f 29//29 15//29 9//29
f 9//29 15//29 7//29
f 28//30 29//30 11//30
f 11//30 29//30 9//30
f 29//31 28//31 19//31
f 19//31 28//31 26//31
f 26//32 12//32 30//32
f 30//33 12//33 18//33
f 22//34 30//34 17//34
f 17//34 30//34 18//34
f 22//35 21//35 30//35
f 30//35 21//35 26//35
f 20//36 24//36 16//36
f 16//36 24//36 13//36
f 20//37 19//37 24//37
f 24//37 19//37 23//37
#56 polygons

